longueur_largeur:
52,27
Wall:
0,2;6,51
0,26
0,2;6,51
0,26
Sortie:
3,0
4,0
5,0
3,26
4,26
5,26
Obstacle:
8,2;8,4
8,8;8,18
8,22;8,24
10,2;10,4
10,8;10,18
10,22;10,24
12,2;12,4
12,8;12,18
12,22;12,24
14,2;14,4
14,8;14,18
14,22;14,24
16,2;16,4
16,8;16,18
16,22;16,24
18,2;18,4
18,8;18,18
18,22;18,24
20,2;20,4
20,8;20,18
20,22;20,24
22,2;22,4
22,8;22,18
22,22;22,24
24,2;24,4
24,8;24,18
24,22;24,24
26,2;26,4
26,8;26,18
26,22;26,24
28,2;28,4
28,8;28,18
28,22;28,24
30,2;30,4
30,8;30,18
30,22;30,24
32,2;32,4
32,8;32,18
32,22;32,24
34,2;34,4
34,8;34,18
34,22;34,24
36,2;36,4
36,8;36,18
36,22;36,24
38,2;38,4
38,8;38,18
38,22;38,24
40,2;40,4
40,8;40,18
40,22;40,24
42,2;42,4
42,8;42,18
42,22;42,24
44,2;44,4
44,8;44,18
44,22;44,24
46,2;46,4
46,8;46,18
46,22;46,24
48,2;48,4
48,8;48,18
48,22;48,24
Incendie:
51,14
Foule:
7,2
7,3
7,4
7,8
7,9
7,10
7,11
7,12
7,13
7,14
7,15
7,16
7,17
7,18
7,22
7,23
7,24
9,2
9,3
9,4
9,8
9,9
9,10
9,11
9,12
9,13
9,14
9,15
9,16
9,17
9,18
9,22
9,23
9,24
11,2
11,3
11,4
11,8
11,9
11,10
11,11
11,12
11,13
11,14
11,15
11,16
11,17
11,18
11,22
11,23
11,24
13,2
13,3
13,4
13,8
13,9
13,10
13,11
13,12
13,13
13,14
13,15
13,16
13,17
13,18
13,22
13,23
13,24
15,2
15,3
15,4
15,8
15,9
15,10
15,11
15,12
15,13
15,14
15,15
15,16
15,17
15,18
15,22
15,23
15,24
17,2
17,3
17,4
17,8
17,9
17,10
17,11
17,12
17,13
17,14
17,15
17,16
17,17
17,18
17,22
17,23
17,24
19,2
19,3
19,4
19,8
19,9
19,10
19,11
19,12
19,13
19,14
19,15
19,16
19,17
19,18
19,22
19,23
19,24
21,2
21,3
21,4
21,8
21,9
21,10
21,11
21,12
21,13
21,14
21,15
21,16
21,17
21,18
21,22
21,23
21,24
23,2
23,3
23,4
23,8
23,9
23,10
23,11
23,12
23,13
23,14
23,15
23,16
23,17
23,18
23,22
23,23
23,24
25,2
25,3
25,4
25,8
25,9
25,10
25,11
25,12
25,13
25,14
25,15
25,16
25,17
25,18
25,22
25,23
25,24
27,2
27,3
27,4
27,8
27,9
27,10
27,11
27,12
27,13
27,14
27,15
27,16
27,17
27,18
27,22
27,23
27,24
29,2
29,3
29,4
29,8
29,9
29,10
29,11
29,12
29,13
29,14
29,15
29,16
29,17
29,18
29,22
29,23
29,24
31,2
31,3
31,4
31,8
31,9
31,10
31,11
31,12
31,13
31,14
31,15
31,16
31,17
31,18
31,22
31,23
31,24
33,2
33,3
33,4
33,8
33,9
33,10
33,11
33,12
33,13
33,14
33,15
33,16
33,17
33,18
33,22
33,23
33,24
35,2
35,3
35,4
35,8
35,9
35,10
35,11
35,12
35,13
35,14
35,15
35,16
35,17
35,18
35,22
35,23
35,24
37,2
37,3
37,4
37,8
37,9
37,10
37,11
37,12
37,13
37,14
37,15
37,16
37,17
37,18
37,22
37,23
37,24
39,2
39,3
39,4
39,8
39,9
39,10
39,11
39,12
39,13
39,14
39,15
39,16
39,17
39,18
39,22
39,23
39,24
41,2
41,3
41,4
41,8
41,9
41,10
41,11
41,12
41,13
41,14
41,15
41,16
41,17
41,18
41,22
41,23
41,24
43,2
43,3
43,4
43,8
43,9
43,10
43,11
43,12
43,13
43,14
43,15
43,16
43,17
43,18
43,22
43,23
43,24
45,2
45,3
45,4
45,8
45,9
45,10
45,11
45,12
45,13
45,14
45,15
45,16
45,17
45,18
45,22
45,23
45,24
47,2
47,3
47,4
47,8
47,9
47,10
47,11
47,12
47,13
47,14
47,15
47,16
47,17
47,18
47,22
47,23
47,24